(9, 1): 189
(9, 1): 189
(9, 2): 116
(9, 2): 116
(9, 1): 94
(9, 1): 94
(9, 2): 151
(9, 2): 151
(28, 4): 2617676
(28, 4): 2617676
(42, 3): 445357919718
(42, 3): 445357919718
(28, 4): 2443996
(28, 4): 2443996
(42, 3): 978667748295
(42, 3): 978667748295
(28, 4): 610999
(28, 4): 610999
(42, 3): 1228190494648
(42, 3): 1228190494648
(28, 4): 3922468
(28, 4): 3922468
(28, 4): 3132020
(28, 4): 3132020
(28, 4): 2685236
(28, 4): 2685236
(28, 4): 2924308
(28, 4): 2924308
(28, 4): 3887780
(28, 4): 3887780
(28, 4): 485972
(28, 4): 485972
(28, 4): 414204
(28, 4): 414204
(42, 5): 65388925854
(42, 5): 65388925854
(28, 4): 595703
(28, 4): 595703
(28, 4): 3313636
(28, 4): 3313636
(42, 5): 99239488628
(42, 5): 99239488628
(28, 4): 3036148
(28, 4): 3036148
(42, 5): 45007285194
(42, 5): 45007285194
(28, 4): 2382812
(28, 4): 2382812
(28, 4): 731077
(28, 4): 731077
(42, 5): 49619744314
(42, 5): 49619744314
(28, 4): 783005
(28, 4): 783005
(28, 4): 671309
(28, 4): 671309
(42, 5): 22503642597
(42, 5): 22503642597
(28, 4): 759037
(28, 4): 759037
(42, 5): 32694462927
(28, 4): 980617
(42, 5): 32694462927
(28, 4): 980617
(28, 4): 971945
(28, 4): 971945
(42, 5): 130777851708
(42, 5): 130777851708
(28, 4): 828409
(28, 4): 828409
(28, 4): 1961234
(28, 4): 1961234
(28, 4): 1308838
(28, 4): 1308838
(42, 5): 90014570388
(42, 5): 90014570388
(28, 4): 1566010
(28, 4): 1566010
(28, 4): 1943890
(28, 4): 1943890
(28, 4): 1462154
(28, 4): 1462154
(42, 5): 24809872157
(42, 5): 24809872157
(28, 4): 1342618
(28, 4): 1342618
(28, 4): 1221998
(28, 4): 1221998
(28, 4): 1656818
(28, 4): 1656818
(28, 4): 1518074
(28, 4): 1518074
(28, 4): 335654
(28, 4): 335654
(28, 4): 379518
(28, 4): 379518
(28, 4): 1191406
(28, 4): 1191406
(94, 6): 51240624705060286164
(94, 6): 51240624705060286164
(94, 6): 12525198633928975245
(94, 6): 12525198633928975245
(94, 6): 50100794535715900980
(94, 6): 50100794535715900980
(94, 6): 6262599316964487622
(94, 6): 6262599316964487622
(94, 6): 25050397267857950490
(94, 6): 25050397267857950490
(94, 6): 25620312352530143082
(94, 6): 25620312352530143082
