(250, 1, 0): 756
(250, 1, 0): 756
(250, 1, 0): 378
(250, 1, 0): 378
(250, 1, 0): 189
(250, 1, 0): 189
(250, 1, 0): 94
(250, 1, 0): 94
(250, 1, 1): 3556
(250, 1, 1): 3556
(250, 1, 1): 1778
(250, 1, 1): 1778
(250, 1, 1): 889
(250, 1, 1): 889
(250, 1, 1): 444
(250, 1, 1): 444
(250, 2, 0): 151
(250, 2, 0): 151
(250, 2, 0): 116
(250, 2, 0): 116
(250, 2, 0): 932
(250, 2, 0): 932
(250, 2, 0): 233
(250, 2, 0): 233
(250, 2, 0): 302
(250, 2, 0): 302
(250, 2, 0): 604
(250, 2, 0): 604
(250, 2, 0): 466
(250, 2, 0): 466
(250, 3, 0): 9825523957188
(250, 3, 0): 9825523957188
(250, 3, 0): 445357919718
(250, 3, 0): 445357919718
(250, 3, 0): 4912761978594
(250, 3, 0): 4912761978594
(250, 3, 0): 978667748295
(250, 3, 0): 978667748295
(250, 3, 0): 1228190494648
(250, 3, 0): 1228190494648
(250, 3, 0): 2456380989297
(250, 3, 0): 2456380989297
(250, 3, 0): 890715839436
(250, 3, 0): 890715839436
(250, 3, 0): 3914670993180
(250, 3, 0): 3914670993180
(250, 3, 0): 1957335496590
(250, 3, 0): 1957335496590
(250, 4, 0): 379518
(250, 4, 0): 379518
(250, 4, 0): 783005
(250, 4, 0): 783005
(250, 4, 0): 980617
(250, 4, 0): 980617
(250, 4, 0): 1462154
(250, 4, 0): 1462154
(250, 4, 0): 335654
(250, 4, 0): 335654
(250, 4, 0): 731077
(250, 4, 0): 731077
(250, 4, 0): 1308838
(250, 4, 0): 1308838
(250, 4, 0): 1191406
(250, 4, 0): 1191406
(250, 4, 0): 610999
(250, 4, 0): 610999
(250, 4, 0): 971945
(250, 4, 0): 971945
(250, 4, 0): 759037
(250, 4, 0): 759037
(250, 4, 0): 595703
(250, 4, 0): 595703
(250, 4, 0): 2617676
(250, 4, 0): 2617676
(250, 4, 0): 485972
(250, 4, 0): 485972
(250, 4, 0): 414204
(250, 4, 0): 414204
(250, 4, 0): 1566010
(250, 4, 0): 1566010
(250, 4, 0): 1961234
(250, 4, 0): 1961234
(250, 4, 0): 671309
(250, 4, 0): 671309
(250, 4, 0): 1221998
(250, 4, 0): 1221998
(250, 4, 0): 2443996
(250, 4, 0): 2443996
(250, 4, 0): 1943890
(250, 4, 0): 1943890
(250, 4, 0): 1518074
(250, 4, 0): 1518074
(250, 4, 0): 2924308
(250, 4, 0): 2924308
(250, 4, 0): 1342618
(250, 4, 0): 1342618
(250, 4, 0): 1656818
(250, 4, 0): 1656818
(250, 4, 0): 2382812
(250, 4, 0): 2382812
(250, 4, 0): 3922468
(250, 4, 0): 3922468
(250, 4, 0): 3313636
(250, 4, 0): 3313636
(250, 4, 0): 3132020
(250, 4, 0): 3132020
(250, 4, 0): 3036148
(250, 4, 0): 3036148
(250, 4, 0): 2685236
(250, 4, 0): 2685236
(250, 4, 0): 3887780
(250, 4, 0): 3887780
(250, 4, 0): 828409
(250, 4, 0): 828409
(250, 5, 0): 24809872157
(250, 5, 0): 24809872157
(250, 5, 0): 22503642597
(250, 5, 0): 22503642597
(250, 5, 0): 99239488628
(250, 5, 0): 99239488628
(250, 5, 0): 65388925854
(250, 5, 0): 65388925854
(250, 5, 0): 90014570388
(250, 5, 0): 90014570388
(250, 5, 0): 45007285194
(250, 5, 0): 45007285194
(250, 5, 0): 130777851708
(250, 5, 0): 130777851708
(250, 5, 0): 49619744314
(250, 5, 0): 49619744314
(250, 5, 0): 32694462927
(250, 5, 0): 32694462927
(250, 6, 0): 25050397267857950490
(250, 6, 0): 25050397267857950490
(250, 6, 0): 6262599316964487622
(250, 6, 0): 6262599316964487622
(250, 6, 0): 50100794535715900980
(250, 6, 0): 50100794535715900980
(250, 6, 0): 25620312352530143082
(250, 6, 0): 25620312352530143082
(250, 6, 0): 12525198633928975245
(250, 6, 0): 12525198633928975245
(250, 6, 0): 51240624705060286164
(250, 6, 0): 51240624705060286164
(250, 8, 0): 52026946671348
(250, 8, 0): 52026946671348
(250, 8, 0): 41980282395068
(250, 8, 0): 41980282395068
(250, 8, 0): 13000018469565
(250, 8, 0): 13000018469565
(250, 8, 0): 8467284381324
(250, 8, 0): 8467284381324
(250, 8, 0): 10495070598767
(250, 8, 0): 10495070598767
(250, 8, 0): 13006736667837
(250, 8, 0): 13006736667837
(250, 8, 0): 16934568762649
(250, 8, 0): 16934568762649
(250, 8, 0): 33869137525298
(250, 8, 0): 33869137525298
(250, 8, 0): 6503368333918
(250, 8, 0): 6503368333918
(250, 8, 0): 26000036939130
(250, 8, 0): 26000036939130
(250, 8, 0): 20990141197534
(250, 8, 0): 20990141197534
(250, 8, 0): 26013473335674
(250, 8, 0): 26013473335674
(250, 8, 0): 52000073878260
(250, 8, 0): 52000073878260
(250, 8, 0): 67738275050596
(250, 8, 0): 67738275050596
